10
4975 7471 6953 8279 8216 8279 7313 7314 6625 4441 
8642 13136 12173 14403 14014 14104 12618 12650 11399 7550 
8809 13258 12501 14906 14812 14715 12981 12812 11701 7839 
9430 14059 13300 15754 15775 15591 13857 13543 12383 8210 
7989 11748 11191 13219 13491 13258 11721 11355 10459 6975 
8206 12451 11487 13330 12888 12916 11793 11785 10588 6897 
7674 11448 10718 12394 12448 12316 10831 10812 9971 6820 
7771 11562 10832 12582 12638 12528 11087 11029 10140 6853 
8372 12458 11775 13838 13972 13803 12070 11977 11093 7554 
5616 8566 7927 9338 9001 9053 8192 8243 7433 4858 
